NetWork 4
Size 3 10 10 1
Inputs 20
0.196 0.407 0.592 -1.74015e-310
0.29 0.661 0.079 1.97226
0.343 0.281 0.093 1.03056
0.127 0.075 0.205 -3.8031e-270
0.021 0.834 0.015 1.73445
0.263 0.736 0.859 -3.80968e-270
0.151 0.004 0.212 0.435965
0.364 0.099 0.66 -3.79022e-270
0.287 0.18 0.227 0.708023
0.441 0.943 0.49 -3.802e-270
0.015 0.364 0.552 -3.8087e-270
0.489 0.05 0.952 -3.79426e-270
0.005 0.399 0.035 1.56472
0.081 0.032 0.244 0.270608
0.337 0.223 0.638 -0.530412
0.035 0.518 0.917 -1.57857
0.395 0.081 0.595 -0.275618
0.282 0.726 0.982 -3.78877e-270
0.134 0.322 0.012 1.32082
0.287 0.541 0.264 1.79768
0.276 0.665 0.958 -3.802e-270
0.501 0.277 0.732 -0.796992
0.189 0.56 0.27 1.78497
0.027 0.821 0.685 -3.07706
0.35 0.648 0.68 -1.63744e-260
0.263 0.395 0.21 -3.8087e-270
0.271 0.577 0.208 -3.79767e-270
0.05 0.719 0.894 -3.80425e-270
0.105 0.265 0.488 -3.80685e-270
0.174 0.754 0.619 -2.81205
0.209 0.777 0.569 -2.90909
0.229 0.506 0.962 -3.8031e-270